7f45 4c46 0201 0100 0000 0000 0000 0000
0300 3e00 0100 0000 3008 0000 0000 0000
4000 0000 0000 0000 702d 0000 0000 0000
0000 0000 4000 3800 0900 4000 1d00 1c00
0600 0000 0400 0000 4000 0000 0000 0000
4000 0000 0000 0000 4000 0000 0000 0000
f801 0000 0000 0000 f801 0000 0000 0000
0800 0000 0000 0000 0300 0000 0400 0000
3802 0000 0000 0000 3802 0000 0000 0000
3802 0000 0000 0000 1c00 0000 0000 0000
1c00 0000 0000 0000 0100 0000 0000 0000
0100 0000 0500 0000 0000 0000 0000 0000
0000 0000 0000 0000 0000 0000 0000 0000
181a 0000 0000 0000 181a 0000 0000 0000
0000 2000 0000 0000 0100 0000 0600 0000
681d 0000 0000 0000 681d 2000 0000 0000
681d 2000 0000 0000 a802 0000 0000 0000
b002 0000 0000 0000 0000 2000 0000 0000
0200 0000 0600 0000 781d 0000 0000 0000
781d 2000 0000 0000 781d 2000 0000 0000
f001 0000 0000 0000 f001 0000 0000 0000
0800 0000 0000 0000 0400 0000 0400 0000
5402 0000 0000 0000 5402 0000 0000 0000
5402 0000 0000 0000 4400 0000 0000 0000
4400 0000 0000 0000 0400 0000 0000 0000
50e5 7464 0400 0000 0016 0000 0000 0000
0016 0000 0000 0000 0016 0000 0000 0000
cc00 0000 0000 0000 cc00 0000 0000 0000
0400 0000 0000 0000 51e5 7464 0600 0000
0000 0000 0000 0000 0000 0000 0000 0000
0000 0000 0000 0000 0000 0000 0000 0000
0000 0000 0000 0000 1000 0000 0000 0000
52e5 7464 0400 0000 681d 0000 0000 0000
681d 2000 0000 0000 681d 2000 0000 0000
9802 0000 0000 0000 9802 0000 0000 0000
0100 0000 0000 0000 2f6c 6962 3634 2f6c
642d 6c69 6e75 782d 7838 362d 3634 2e73
6f2e 3200 0400 0000 1000 0000 0100 0000
474e 5500 0000 0000 0300 0000 0200 0000
0000 0000 0400 0000 1400 0000 0300 0000
474e 5500 8bcc cf0b 09ca b83c 1aba 4b0a
8bd6 4908 69ce 8d0b 0100 0000 0100 0000
0100 0000 0000 0000 0000 0000 0000 0000
0000 0000 0000 0000 0000 0000 0000 0000
0000 0000 0000 0000 0000 0000 0000 0000
7c00 0000 1200 0000 0000 0000 0000 0000
0000 0000 0000 0000 2100 0000 1200 0000
0000 0000 0000 0000 0000 0000 0000 0000
9700 0000 2000 0000 0000 0000 0000 0000
0000 0000 0000 0000 0b00 0000 1200 0000
0000 0000 0000 0000 0000 0000 0000 0000
3800 0000 1200 0000 0000 0000 0000 0000
0000 0000 0000 0000 1000 0000 1200 0000
0000 0000 0000 0000 0000 0000 0000 0000
3100 0000 1200 0000 0000 0000 0000 0000
0000 0000 0000 0000 6a00 0000 1200 0000
0000 0000 0000 0000 0000 0000 0000 0000
6300 0000 1200 0000 0000 0000 0000 0000
0000 0000 0000 0000 3f00 0000 1200 0000
0000 0000 0000 0000 0000 0000 0000 0000
b300 0000 2000 0000 0000 0000 0000 0000
0000 0000 0000 0000 4700 0000 1200 0000
0000 0000 0000 0000 0000 0000 0000 0000
2900 0000 1200 0000 0000 0000 0000 0000
0000 0000 0000 0000 5d00 0000 1200 0000
0000 0000 0000 0000 0000 0000 0000 0000
c200 0000 2000 0000 0000 0000 0000 0000
0000 0000 0000 0000 4e00 0000 2200 0000
0000 0000 0000 0000 0000 0000 0000 0000
006c 6962 632e 736f 2e36 0070 7574 7300
5f5f 7374 6163 6b5f 6368 6b5f 6661 696c
0070 7574 6368 6172 0072 6561 6c6c 6f63
0070 7269 6e74 6600 7374 726c 656e 0067
6574 6368 6172 006d 616c 6c6f 6300 5f5f
6378 615f 6669 6e61 6c69 7a65 0073 6361
6e66 0073 7472 636d 7000 5f5f 6c69 6263
5f73 7461 7274 5f6d 6169 6e00 6672 6565
0047 4c49 4243 5f32 2e34 0047 4c49 4243
5f32 2e32 2e35 005f 4954 4d5f 6465 7265
6769 7374 6572 544d 436c 6f6e 6554 6162
6c65 005f 5f67 6d6f 6e5f 7374 6172 745f
5f00 5f49 544d 5f72 6567 6973 7465 7254
4d43 6c6f 6e65 5461 626c 6500 0000 0200
0200 0000 0200 0200 0300 0200 0200 0200
0200 0000 0200 0200 0200 0000 0200 0000
0100 0200 0100 0000 1000 0000 0000 0000
1469 690d 0000 0300 8100 0000 1000 0000
751a 6909 0000 0200 8b00 0000 0000 0000
681d 2000 0000 0000 0800 0000 0000 0000
3009 0000 0000 0000 701d 2000 0000 0000
0800 0000 0000 0000 f008 0000 0000 0000
0820 2000 0000 0000 0800 0000 0000 0000
0820 2000 0000 0000 d81f 2000 0000 0000
0600 0000 0300 0000 0000 0000 0000 0000
e01f 2000 0000 0000 0600 0000 0800 0000
0000 0000 0000 0000 e81f 2000 0000 0000
0600 0000 0b00 0000 0000 0000 0000 0000
f01f 2000 0000 0000 0600 0000 0f00 0000
0000 0000 0000 0000 f81f 2000 0000 0000
0600 0000 1000 0000 0000 0000 0000 0000
801f 2000 0000 0000 0700 0000 0100 0000
0000 0000 0000 0000 881f 2000 0000 0000
0700 0000 0200 0000 0000 0000 0000 0000
901f 2000 0000 0000 0700 0000 0400 0000
0000 0000 0000 0000 981f 2000 0000 0000
0700 0000 0500 0000 0000 0000 0000 0000
a01f 2000 0000 0000 0700 0000 0600 0000
0000 0000 0000 0000 a81f 2000 0000 0000
0700 0000 0700 0000 0000 0000 0000 0000
b01f 2000 0000 0000 0700 0000 0900 0000
0000 0000 0000 0000 b81f 2000 0000 0000
0700 0000 0a00 0000 0000 0000 0000 0000
c01f 2000 0000 0000 0700 0000 0c00 0000
0000 0000 0000 0000 c81f 2000 0000 0000
0700 0000 0d00 0000 0000 0000 0000 0000
d01f 2000 0000 0000 0700 0000 0e00 0000
0000 0000 0000 0000 4883 ec08 488b 0595
1820 0048 85c0 7402 ffd0 4883 c408 c300
ff35 0a18 2000 ff25 0c18 2000 0f1f 4000
ff25 0a18 2000 6800 0000 00e9 e0ff ffff
ff25 0218 2000 6801 0000 00e9 d0ff ffff
ff25 fa17 2000 6802 0000 00e9 c0ff ffff
ff25 f217 2000 6803 0000 00e9 b0ff ffff
ff25 ea17 2000 6804 0000 00e9 a0ff ffff
ff25 e217 2000 6805 0000 00e9 90ff ffff
ff25 da17 2000 6806 0000 00e9 80ff ffff
ff25 d217 2000 6807 0000 00e9 70ff ffff
ff25 ca17 2000 6808 0000 00e9 60ff ffff
ff25 c217 2000 6809 0000 00e9 50ff ffff
ff25 ba17 2000 680a 0000 00e9 40ff ffff
ff25 d217 2000 6690 0000 0000 0000 0000
31ed 4989 d15e 4889 e248 83e4 f050 544c
8d05 8a0c 0000 488d 0d13 0c00 0048 8d3d
e600 0000 ff15 8617 2000 f40f 1f44 0000
488d 3da9 1720 0055 488d 05a1 1720 0048
39f8 4889 e574 1948 8b05 5a17 2000 4885
c074 0d5d ffe0 662e 0f1f 8400 0000 0000
5dc3 0f1f 4000 662e 0f1f 8400 0000 0000
488d 3d69 1720 0048 8d35 6217 2000 5548
29fe 4889 e548 c1fe 0348 89f0 48c1 e83f
4801 c648 d1fe 7418 488b 0521 1720 0048
85c0 740c 5dff e066 0f1f 8400 0000 0000
5dc3 0f1f 4000 662e 0f1f 8400 0000 0000
803d 1917 2000 0075 2f48 833d f716 2000
0055 4889 e574 0c48 8b3d fa16 2000 e80d
ffff ffe8 48ff ffff c605 f116 2000 015d
c30f 1f80 0000 0000 f3c3 660f 1f44 0000
5548 89e5 5de9 66ff ffff 5548 89e5 4883
ec40 6448 8b04 2528 0000 0048 8945 f831
c048 8d45 e048 89c7 e8e7 0000 00e9 9500
0000 e879 feff ff0f b645 cf0f bec0 83f8
6974 1883 f869 7f07 83f8 6574 7aeb 6b83
f870 7473 83f8 7174 53eb 5fb8 0000 0000
e808 0100 0048 8945 d0b8 0000 0000 e8fa
0000 0048 8945 d848 8b55 d848 8b45 d048
89c6 488d 3d2b 0b00 00b8 0000 0000 e8fd
fdff ff48 8b55 d848 8b4d d048 8d45 e048
89ce 4889 c7e8 3a07 0000 eb1b 488d 45e0
4889 c7e8 9601 0000 eb0d 488d 3df7 0a00
00e8 9afd ffff 9048 8d45 cf48 89c6 488d
3deb 0a00 00b8 0000 0000 e801 feff ff83
f8ff 0f85 4aff ffff 488d 45e0 4889 c7e8
f909 0000 e8b7 fdff ffb8 0000 0000 488b
4df8 6448 330c 2528 0000 0074 05e8 6efd
ffff c9c3 5548 89e5 4883 ec10 4889 7df8
bf30 0000 00e8 96fd ffff 4889 c248 8b45
f848 8950 0848 8b45 f848 8b40 0848 85c0
7507 b800 0000 00eb 2248 8b45 f848 8b40
08c7 0001 0000 0048 8b45 f848 8b50 0848
8b45 f848 8910 b801 0000 00c9 c355 4889
e548 83ec 10c7 45f4 0000 0000 48c7 45f8
0000 0000 8345 f401 8b45 f448 63d0 488b
45f8 4889 d648 89c7 e833 fdff ff48 8945
f8e8 0afd ffff 8845 f380 7df3 0a74 060f
b645 f3eb 05b8 0000 0000 8b55 f448 63d2
488d 4aff 488b 55f8 4801 ca88 0280 7df3
0a75 b1c7 45f4 0000 0000 488b 45f8 c9c3
5548 89e5 4883 ec10 4889 7df8 4889 75f0
4883 7df0 0074 5448 8b45 f048 8b50 2048
8b45 f848 89d6 4889 c7e8 d2ff ffff 488b
45f0 488b 5010 488b 45f0 488b 4008 4889
c648 8d3d a009 0000 b800 0000 00e8 5efc
ffff 488b 45f0 488b 5028 488b 45f8 4889
d648 89c7 e897 ffff ffeb 0190 c9c3 5548
89e5 4883 ec10 4889 7df8 488b 45f8 488b
1048 8b45 f848 89d6 4889 c7e8 70ff ffff
90c9 c355 4889 e548 83ec 3048 897d e848
8975 e048 8955 d848 8b45 e848 8b00 4889
45f8 eb35 488b 45e0 488b 5008 488b 45d8
4889 d648 89c7 e8f5 fbff ff85 c079 0e48
8b45 e048 8b40 2048 8945 f8eb 0c48 8b45
e048 8b40 2848 8945 f848 8b45 e848 8b40
0848 3945 f874 0e48 8b45 e048 8b40 0848
3945 d875 af48 8b45 f8c9 c355 4889 e548
897d e848 8975 e048 8b45 e848 8b40 0848
8945 f8eb 1448 8b45 e048 8945 f848 8b45
e048 8b40 2048 8945 e048 8b45 e848 8b40
0848 3945 e075 de48 8b45 f85d c355 4889
e548 83ec 0848 897d f848 8b45 f848 8b10
488b 45f8 4889 d648 89c7 e89c ffff ffc9
c355 4889 e548 897d e848 8975 e048 8b45
e848 8b40 0848 8945 f8eb 1448 8b45 e048
8945 f848 8b45 e048 8b40 2848 8945 e048
8b45 e848 8b40 0848 3945 e075 de48 8b45
f85d c355 4889 e548 83ec 0848 897d f848
8b45 f848 8b10 488b 45f8 4889 d648 89c7
e89c ffff ffc9 c355 4889 e548 83ec 1048
897d f848 8975 f048 8b45 f048 8b50 2848
8b45 f848 8b40 0848 39c2 7419 488b 45f0
488b 5028 488b 45f8 4889 d648 89c7 e8f8
feff ffeb 0848 8b45 f048 8b40 18c9 c355
4889 e548 83ec 2048 897d e848 8975 e048
8b45 e848 8b40 0848 8945 f8eb 1448 8b45
e048 8945 f848 8b45 e048 8b40 1848 8945
e048 8b45 e048 8b50 1848 8b45 e848 8b40
0848 39c2 75d7 488b 45e0 488b 5020 488b
45e8 488b 4008 4839 c274 1948 8b45 e048
8b50 2048 8b45 e848 89d6 4889 c7e8 79fe
ffff eb04 488b 45f8 c9c3 5548 89e5 4889
7de8 4889 75e0 488b 45e0 488b 4028 4889
45f8 488b 45f8 488b 5020 488b 45e0 4889
5028 488b 45e0 488b 5028 488b 45e8 488b
4008 4839 c274 1048 8b45 e048 8b40 2848
8b55 e048 8950 1848 8b45 e048 8b50 1848
8b45 f848 8950 1848 8b45 e048 8b50 1848
8b45 e848 8b40 0848 39c2 750d 488b 45e8
488b 55f8 4889 10eb 3448 8b45 e048 8b40
1848 8b40 2048 3945 e075 1248 8b45 e048
8b40 1848 8b55 f848 8950 20eb 1048 8b45
e048 8b40 1848 8b55 f848 8950 2848 8b45
f848 8b55 e048 8950 2048 8b45 e048 8b55
f848 8950 1890 5dc3 5548 89e5 4889 7de8
4889 75e0 488b 45e0 488b 4020 4889 45f8
488b 45e0 488b 5028 488b 45f8 4889 5020
488b 45e0 488b 4028 4885 c074 1048 8b45
e048 8b40 2848 8b55 f848 8950 1848 8b45
e048 8b40 1848 85c0 750d 488b 45e8 488b
55e0 4889 10eb 3448 8b45 f848 8b40 1848
8b40 2048 3945 f875 1248 8b45 f848 8b40
1848 8b55 e048 8950 20eb 1048 8b45 f848
8b40 1848 8b55 e048 8950 2848 8b45 e048
8b55 f848 8950 2848 8b45 f848 8b55 e048
8950 1890 5dc3 5548 89e5 4883 ec20 4889
7de8 4889 75e0 488b 45e0 488b 4018 488b
4018 4889 45f0 e9c8 0000 0048 8b45 e048
8b50 1848 8b45 f048 8b40 2048 39c2 0f85
a300 0000 488b 45f0 488b 4028 4889 45f8
488b 45f8 8b00 85c0 752e 488b 45f8 c700
0100 0000 488b 45e0 488b 4018 488b 55f8
8b12 8910 488b 45f0 c700 0000 0000 488b
45f0 4889 45e0 eb6b 488b 45f0 488b 4028
4889 45e0 4883 7de0 0074 1f48 8b45 e048
8b40 1848 8945 e048 8b55 e048 8b45 e848
89d6 4889 c7e8 d0fd ffff 488b 45e0 488b
4018 c700 0100 0000 488b 45f0 c700 0000
0000 488b 55f0 488b 45e8 4889 d648 89c7
e873 feff ffeb 0c48 8b45 f048 8b40 2048
8945 f848 8b45 e048 8b40 188b 0085 c00f
8426 ffff ff48 8b45 e848 8b00 c700 0100
0000 488b 45e8 488b 0048 8b40 0848 89c6
488d 3dbb 0400 00b8 0000 0000 e86f f7ff
ff48 8b45 e848 8b00 8b00 89c6 488d 3db5
0400 00b8 0000 0000 e853 f7ff ffbf 0a00
0000 e809 f7ff ff48 8b45 e848 8b00 488b
4020 488b 4008 4889 c648 8d3d 9f04 0000
b800 0000 00e8 26f7 ffff 488b 45e8 488b
0048 8b40 208b 0089 c648 8d3d a004 0000
b800 0000 00e8 06f7 ffff bf0a 0000 00e8
bcf6 ffff 488b 45e8 488b 0048 8b40 2848
8b40 0848 89c6 488d 3d96 0400 00b8 0000
0000 e8d9 f6ff ff48 8b45 e848 8b00 488b
4028 8b00 89c6 488d 3d93 0400 00b8 0000
0000 e8b9 f6ff ffbf 0a00 0000 e86f f6ff
ff90 c9c3 5548 89e5 4883 ec40 4889 7dd8
4889 75d0 4889 55c8 bf30 0000 00e8 bef6
ffff 4889 45f8 488b 45d8 488b 0048 8945
e848 8b45 d848 8b40 0848 8945 f048 837d
f800 750a b800 0000 00e9 c201 0000 488b
45f8 488b 55d0 4889 5008 488b 45f8 488b
55c8 4889 5010 488b 45d8 488b 5008 488b
45f8 4889 5028 488b 45f8 488b 5028 488b
45f8 4889 5020 488b 45f8 c700 0000 0000
488b 45f8 488b 5010 488b 45f8 488b 4008
4889 c648 8d3d fa03 0000 b800 0000 00e8
fcf5 ffff 488b 45f8 488b 5010 488b 45f8
488b 4008 4889 c648 8d3d e203 0000 b800
0000 00e8 d8f5 ffff e9ad 0000 0048 8b45
e848 8945 f048 8b45 e848 8b40 0848 8b55
d048 89d6 4889 c7e8 c4f5 ffff 85c0 740e
488b 45e8 488b 4020 4889 45e8 eb7c 488b
45e8 488b 4008 488b 55d0 4889 d648 89c7
e89b f5ff ff85 c075 5548 8d3d ae03 0000
e84b f5ff ff48 8b45 c848 89c7 e84f f5ff
ff89 45e4 8b45 e448 63d0 488b 45e8 488b
4010 4889 d648 89c7 e893 f5ff ff48 89c2
488b 45e8 4889 5010 488b 45e8 488b 55c8
4889 5010 b801 0000 00e9 9200 0000 488b
45e8 488b 4028 4889 45e8 488b 45d8 488b
4008 4839 45e8 0f85 41ff ffff 488b 45f8
488b 55f0 4889 5018 488b 45d8 488b 4008
4839 45f0 750d 488b 45d8 488b 55f8 4889
10eb 3548 8b45 f048 8b40 0848 8b55 d048
89d6 4889 c7e8 e6f4 ffff 85c0 740e 488b
45f0 488b 55f8 4889 5028 eb0c 488b 45f0
488b 55f8 4889 5020 488b 55f8 488b 45d8
4889 d648 89c7 e80b fcff ffb8 0100 0000
c9c3 5548 89e5 4883 ec30 4889 7de8 4889
75e0 4889 55d8 488b 45e8 488b 0048 8945
f8eb 5e48 8b45 e048 8b50 0848 8b45 d848
89d6 4889 c7e8 76f4 ffff 85c0 790e 488b
45e0 488b 4020 4889 45f8 eb35 488b 45e0
488b 4008 488b 55d8 4889 d648 89c7 e84d
f4ff ff85 c07e 0e48 8b45 e048 8b40 2848
8945 f8eb 0c48 8b45 f848 89c7 e8cf f3ff
ff48 8b45 e848 8b40 0848 3945 f874 0e48
8b45 e048 8b40 0848 3945 d875 8690 c9c3
5548 89e5 4883 ec10 4889 7df8 4889 75f0
488b 45f8 488b 4008 4839 45f0 743c 488b
45f0 488b 5020 488b 45f8 4889 d648 89c7
e8cb ffff ff48 8b45 f048 8b50 2848 8b45
f848 89d6 4889 c7e8 b4ff ffff 488b 45f0
4889 c7e8 58f3 ffff eb01 90c9 c355 4889
e548 83ec 1048 897d f848 8b45 f848 8b10
488b 45f8 4889 d648 89c7 e881 ffff ff48
8b45 f848 8b40 0848 89c7 e821 f3ff ff90
c9c3 662e 0f1f 8400 0000 0000 0f1f 4000
4157 4156 4989 d741 5541 544c 8d25 f608
2000 5548 8d2d f608 2000 5341 89fd 4989
f64c 29e5 4883 ec08 48c1 fd03 e8b7 f2ff
ff48 85ed 7420 31db 0f1f 8400 0000 0000
4c89 fa4c 89f6 4489 ef41 ff14 dc48 83c3
0148 39dd 75ea 4883 c408 5b5d 415c 415d
415e 415f c390 662e 0f1f 8400 0000 0000
f3c3 0000 4883 ec08 4883 c408 c300 0000
0100 0200 2573 0a00 696e 7661 6c69 6400
2563 0000 0000 0000 2573 203a 2020 2573
0a00 742d 3e72 6f6f 742d 3e77 6f72 643a
202d 3e20 2573 0a00 742d 3e72 6f6f 742d
3e63 6f6c 6f72 3a20 2d3e 2025 640a 0074
2d3e 726f 6f74 2d3e 776f 7264 2d3e 6c65
6674 3a20 2d3e 2025 730a 0000 0000 0000
742d 3e72 6f6f 742d 3e77 6f72 642d 3e6c
6566 742d 3e63 6f6c 6f72 3a20 2d3e 2025
640a 0074 2d3e 726f 6f74 2d3e 776f 7264
2d3e 7269 6768 743a 202d 3e20 2573 0a00
742d 3e72 6f6f 742d 3e77 6f72 642d 3e72
6967 6874 2d3e 636f 6c6f 723a 202d 3e20
2564 0a00 2025 7309 0a20 2573 0a00 0000
6368 6567 6f75 2061 74c3 a920 6171 7569
2c20 776f 7264 3a20 2573 0a2c 2073 6967
6e69 6669 6361 646f 3a20 2573 0a00 6e6f
766f 2073 6967 6e69 6669 6361 646f 0000
011b 033b cc00 0000 1800 0000 60f1 ffff
1801 0000 20f2 ffff 4001 0000 30f2 ffff
e800 0000 3af3 ffff 5801 0000 44f4 ffff
7801 0000 9df4 ffff 9801 0000 10f5 ffff
b801 0000 7ef5 ffff d801 0000 a3f5 ffff
f801 0000 1bf6 ffff 1802 0000 5df6 ffff
3802 0000 81f6 ffff 5802 0000 c3f6 ffff
7802 0000 e7f6 ffff 9802 0000 2ff7 ffff
b802 0000 aaf7 ffff d802 0000 78f8 ffff
f802 0000 26f9 ffff 1803 0000 14fb ffff
3803 0000 22fd ffff 5803 0000 c0fd ffff
7803 0000 1dfe ffff 9803 0000 60fe ffff
b803 0000 d0fe ffff 0004 0000 0000 0000
1400 0000 0000 0000 017a 5200 0178 1001
1b0c 0708 9001 0710 1400 0000 1c00 0000
40f1 ffff 2b00 0000 0000 0000 0000 0000
1400 0000 0000 0000 017a 5200 0178 1001
1b0c 0708 9001 0000 2400 0000 1c00 0000
40f0 ffff c000 0000 000e 1046 0e18 4a0f
0b77 0880 003f 1a3b 2a33 2422 0000 0000
1400 0000 4400 0000 d8f0 ffff 0800 0000
0000 0000 0000 0000 1c00 0000 5c00 0000
daf1 ffff 0a01 0000 0041 0e10 8602 430d
0603 0501 0c07 0800 1c00 0000 7c00 0000
c4f2 ffff 5900 0000 0041 0e10 8602 430d
0602 540c 0708 0000 1c00 0000 9c00 0000
fdf2 ffff 7300 0000 0041 0e10 8602 430d
0602 6e0c 0708 0000 1c00 0000 bc00 0000
50f3 ffff 6e00 0000 0041 0e10 8602 430d
0602 690c 0708 0000 1c00 0000 dc00 0000
9ef3 ffff 2500 0000 0041 0e10 8602 430d
0660 0c07 0800 0000 1c00 0000 fc00 0000
a3f3 ffff 7800 0000 0041 0e10 8602 430d
0602 730c 0708 0000 1c00 0000 1c01 0000
fbf3 ffff 4200 0000 0041 0e10 8602 430d
067d 0c07 0800 0000 1c00 0000 3c01 0000
1df4 ffff 2400 0000 0041 0e10 8602 430d
065f 0c07 0800 0000 1c00 0000 5c01 0000
21f4 ffff 4200 0000 0041 0e10 8602 430d
067d 0c07 0800 0000 1c00 0000 7c01 0000
43f4 ffff 2400 0000 0041 0e10 8602 430d
065f 0c07 0800 0000 1c00 0000 9c01 0000
47f4 ffff 4800 0000 0041 0e10 8602 430d
0602 430c 0708 0000 1c00 0000 bc01 0000
6ff4 ffff 7b00 0000 0041 0e10 8602 430d
0602 760c 0708 0000 1c00 0000 dc01 0000
caf4 ffff ce00 0000 0041 0e10 8602 430d
0602 c90c 0708 0000 1c00 0000 fc01 0000
78f5 ffff ae00 0000 0041 0e10 8602 430d
0602 a90c 0708 0000 1c00 0000 1c02 0000
06f6 ffff ee01 0000 0041 0e10 8602 430d
0603 e901 0c07 0800 1c00 0000 3c02 0000
d4f7 ffff 0e02 0000 0041 0e10 8602 430d
0603 0902 0c07 0800 1c00 0000 5c02 0000
c2f9 ffff 9e00 0000 0041 0e10 8602 430d
0602 990c 0708 0000 1c00 0000 7c02 0000
40fa ffff 5d00 0000 0041 0e10 8602 430d
0602 580c 0708 0000 1c00 0000 9c02 0000
7dfa ffff 3500 0000 0041 0e10 8602 430d
0670 0c07 0800 0000 4400 0000 bc02 0000
a0fa ffff 6500 0000 0042 0e10 8f02 420e
188e 0345 0e20 8d04 420e 288c 0548 0e30
8606 480e 3883 074d 0e40 720e 3841 0e30
410e 2842 0e20 420e 1842 0e10 420e 0800
1000 0000 0403 0000 c8fa ffff 0200 0000
0000 0000 0000 0000 0000 0000 0000 0000
0000 0000 0000 0000 0000 0000 0000 0000
0000 0000 0000 0000 0000 0000 0000 0000
0000 0000 0000 0000 0000 0000 0000 0000
0000 0000 0000 0000 0000 0000 0000 0000
0000 0000 0000 0000 0000 0000 0000 0000
0000 0000 0000 0000 0000 0000 0000 0000
0000 0000 0000 0000 0000 0000 0000 0000
0000 0000 0000 0000 0000 0000 0000 0000
0000 0000 0000 0000 0000 0000 0000 0000
0000 0000 0000 0000 0000 0000 0000 0000
0000 0000 0000 0000 0000 0000 0000 0000
0000 0000 0000 0000 0000 0000 0000 0000
0000 0000 0000 0000 0000 0000 0000 0000
0000 0000 0000 0000 0000 0000 0000 0000
0000 0000 0000 0000 0000 0000 0000 0000
0000 0000 0000 0000 0000 0000 0000 0000
0000 0000 0000 0000 0000 0000 0000 0000
0000 0000 0000 0000 0000 0000 0000 0000
0000 0000 0000 0000 0000 0000 0000 0000
0000 0000 0000 0000 0000 0000 0000 0000
0000 0000 0000 0000 0000 0000 0000 0000
0000 0000 0000 0000 0000 0000 0000 0000
0000 0000 0000 0000 0000 0000 0000 0000
0000 0000 0000 0000 0000 0000 0000 0000
0000 0000 0000 0000 0000 0000 0000 0000
0000 0000 0000 0000 0000 0000 0000 0000
0000 0000 0000 0000 0000 0000 0000 0000
0000 0000 0000 0000 0000 0000 0000 0000
0000 0000 0000 0000 0000 0000 0000 0000
0000 0000 0000 0000 0000 0000 0000 0000
0000 0000 0000 0000 0000 0000 0000 0000
0000 0000 0000 0000 0000 0000 0000 0000
0000 0000 0000 0000 0000 0000 0000 0000
0000 0000 0000 0000 0000 0000 0000 0000
0000 0000 0000 0000 0000 0000 0000 0000
0000 0000 0000 0000 0000 0000 0000 0000
0000 0000 0000 0000 0000 0000 0000 0000
0000 0000 0000 0000 0000 0000 0000 0000
0000 0000 0000 0000 0000 0000 0000 0000
0000 0000 0000 0000 0000 0000 0000 0000
0000 0000 0000 0000 0000 0000 0000 0000
0000 0000 0000 0000 0000 0000 0000 0000
0000 0000 0000 0000 0000 0000 0000 0000
0000 0000 0000 0000 0000 0000 0000 0000
0000 0000 0000 0000 0000 0000 0000 0000
0000 0000 0000 0000 0000 0000 0000 0000
0000 0000 0000 0000 0000 0000 0000 0000
0000 0000 0000 0000 0000 0000 0000 0000
0000 0000 0000 0000 0000 0000 0000 0000
0000 0000 0000 0000 0000 0000 0000 0000
0000 0000 0000 0000 0000 0000 0000 0000
0000 0000 0000 0000 0000 0000 0000 0000
0000 0000 0000 0000 3009 0000 0000 0000
f008 0000 0000 0000 0100 0000 0000 0000
0100 0000 0000 0000 0c00 0000 0000 0000
4807 0000 0000 0000 0d00 0000 0000 0000
d414 0000 0000 0000 1900 0000 0000 0000
681d 2000 0000 0000 1b00 0000 0000 0000
0800 0000 0000 0000 1a00 0000 0000 0000
701d 2000 0000 0000 1c00 0000 0000 0000
0800 0000 0000 0000 f5fe ff6f 0000 0000
9802 0000 0000 0000 0500 0000 0000 0000
5004 0000 0000 0000 0600 0000 0000 0000
b802 0000 0000 0000 0a00 0000 0000 0000
dc00 0000 0000 0000 0b00 0000 0000 0000
1800 0000 0000 0000 1500 0000 0000 0000
0000 0000 0000 0000 0300 0000 0000 0000
681f 2000 0000 0000 0200 0000 0000 0000
0801 0000 0000 0000 1400 0000 0000 0000
0700 0000 0000 0000 1700 0000 0000 0000
4006 0000 0000 0000 0700 0000 0000 0000
8005 0000 0000 0000 0800 0000 0000 0000
c000 0000 0000 0000 0900 0000 0000 0000
1800 0000 0000 0000 1e00 0000 0000 0000
0800 0000 0000 0000 fbff ff6f 0000 0000
0100 0008 0000 0000 feff ff6f 0000 0000
5005 0000 0000 0000 ffff ff6f 0000 0000
0100 0000 0000 0000 f0ff ff6f 0000 0000
2c05 0000 0000 0000 f9ff ff6f 0000 0000
0300 0000 0000 0000 0000 0000 0000 0000
0000 0000 0000 0000 0000 0000 0000 0000
0000 0000 0000 0000 0000 0000 0000 0000
0000 0000 0000 0000 0000 0000 0000 0000
0000 0000 0000 0000 0000 0000 0000 0000
0000 0000 0000 0000 781d 2000 0000 0000
0000 0000 0000 0000 0000 0000 0000 0000
7607 0000 0000 0000 8607 0000 0000 0000
9607 0000 0000 0000 a607 0000 0000 0000
b607 0000 0000 0000 c607 0000 0000 0000
d607 0000 0000 0000 e607 0000 0000 0000
f607 0000 0000 0000 0608 0000 0000 0000
1608 0000 0000 0000 0000 0000 0000 0000
0000 0000 0000 0000 0000 0000 0000 0000
0000 0000 0000 0000 0000 0000 0000 0000
0000 0000 0000 0000 0820 2000 0000 0000
4743 433a 2028 5562 756e 7475 2037 2e34
2e30 2d31 7562 756e 7475 317e 3138 2e30
3429 2037 2e34 2e30 0000 0000 0000 0000
0000 0000 0000 0000 0000 0000 0000 0000
0000 0000 0000 0000 0000 0000 0300 0100
3802 0000 0000 0000 0000 0000 0000 0000
0000 0000 0300 0200 5402 0000 0000 0000
0000 0000 0000 0000 0000 0000 0300 0300
7402 0000 0000 0000 0000 0000 0000 0000
0000 0000 0300 0400 9802 0000 0000 0000
0000 0000 0000 0000 0000 0000 0300 0500
b802 0000 0000 0000 0000 0000 0000 0000
0000 0000 0300 0600 5004 0000 0000 0000
0000 0000 0000 0000 0000 0000 0300 0700
2c05 0000 0000 0000 0000 0000 0000 0000
0000 0000 0300 0800 5005 0000 0000 0000
0000 0000 0000 0000 0000 0000 0300 0900
8005 0000 0000 0000 0000 0000 0000 0000
0000 0000 0300 0a00 4006 0000 0000 0000
0000 0000 0000 0000 0000 0000 0300 0b00
4807 0000 0000 0000 0000 0000 0000 0000
0000 0000 0300 0c00 6007 0000 0000 0000
0000 0000 0000 0000 0000 0000 0300 0d00
2008 0000 0000 0000 0000 0000 0000 0000
0000 0000 0300 0e00 3008 0000 0000 0000
0000 0000 0000 0000 0000 0000 0300 0f00
d414 0000 0000 0000 0000 0000 0000 0000
0000 0000 0300 1000 e014 0000 0000 0000
0000 0000 0000 0000 0000 0000 0300 1100
0016 0000 0000 0000 0000 0000 0000 0000
0000 0000 0300 1200 d016 0000 0000 0000
0000 0000 0000 0000 0000 0000 0300 1300
681d 2000 0000 0000 0000 0000 0000 0000
0000 0000 0300 1400 701d 2000 0000 0000
0000 0000 0000 0000 0000 0000 0300 1500
781d 2000 0000 0000 0000 0000 0000 0000
0000 0000 0300 1600 681f 2000 0000 0000
0000 0000 0000 0000 0000 0000 0300 1700
0020 2000 0000 0000 0000 0000 0000 0000
0000 0000 0300 1800 1020 2000 0000 0000
0000 0000 0000 0000 0000 0000 0300 1900
0000 0000 0000 0000 0000 0000 0000 0000
0100 0000 0400 f1ff 0000 0000 0000 0000
0000 0000 0000 0000 0c00 0000 0200 0e00
6008 0000 0000 0000 0000 0000 0000 0000
0e00 0000 0200 0e00 a008 0000 0000 0000
0000 0000 0000 0000 2100 0000 0200 0e00
f008 0000 0000 0000 0000 0000 0000 0000
3700 0000 0100 1800 1020 2000 0000 0000
0100 0000 0000 0000 4600 0000 0100 1400
701d 2000 0000 0000 0000 0000 0000 0000
6d00 0000 0200 0e00 3009 0000 0000 0000
0000 0000 0000 0000 7900 0000 0100 1300
681d 2000 0000 0000 0000 0000 0000 0000
9800 0000 0400 f1ff 0000 0000 0000 0000
0000 0000 0000 0000 9f00 0000 0400 f1ff
0000 0000 0000 0000 0000 0000 0000 0000
0100 0000 0400 f1ff 0000 0000 0000 0000
0000 0000 0000 0000 a900 0000 0100 1200
141a 0000 0000 0000 0000 0000 0000 0000
0000 0000 0400 f1ff 0000 0000 0000 0000
0000 0000 0000 0000 b700 0000 0000 1300
701d 2000 0000 0000 0000 0000 0000 0000
c800 0000 0100 1500 781d 2000 0000 0000
0000 0000 0000 0000 d100 0000 0000 1300
681d 2000 0000 0000 0000 0000 0000 0000
e400 0000 0000 1100 0016 0000 0000 0000
0000 0000 0000 0000 f700 0000 0100 1600
681f 2000 0000 0000 0000 0000 0000 0000
0d01 0000 1200 0e00 d014 0000 0000 0000
0200 0000 0000 0000 1d01 0000 1200 0000
0000 0000 0000 0000 0000 0000 0000 0000
2f01 0000 1200 0000 0000 0000 0000 0000
0000 0000 0000 0000 e702 0000 1200 0e00
1d14 0000 0000 0000 3500 0000 0000 0000
4401 0000 1200 0e00 440a 0000 0000 0000
5900 0000 0000 0000 5001 0000 2000 0000
0000 0000 0000 0000 0000 0000 0000 0000
5602 0000 2000 1700 0020 2000 0000 0000
0000 0000 0000 0000 6c01 0000 1200 0e00
1411 0000 0000 0000 0e02 0000 0000 0000
8d01 0000 1200 0e00 5d0c 0000 0000 0000
2400 0000 0000 0000 7a01 0000 1200 0000
0000 0000 0000 0000 0000 0000 0000 0000
8c01 0000 1200 0e00 1b0c 0000 0000 0000
4200 0000 0000 0000 9a01 0000 1000 1700
1020 2000 0000 0000 0000 0000 0000 0000
a101 0000 1200 0e00 810c 0000 0000 0000
4200 0000 0000 0000 ad01 0000 1200 0e00
780e 0000 0000 0000 ae00 0000 0000 0000
1701 0000 1200 0f00 d414 0000 0000 0000
0000 0000 0000 0000 ba01 0000 1200 0000
0000 0000 0000 0000 0000 0000 0000 0000
ce01 0000 1200 0e00 2f0d 0000 0000 0000
7b00 0000 0000 0000 da01 0000 1200 0000
0000 0000 0000 0000 0000 0000 0000 0000
f601 0000 1200 0000 0000 0000 0000 0000
0000 0000 0000 0000 0a02 0000 1200 0e00
260f 0000 0000 0000 ee01 0000 0000 0000
1b02 0000 1200 0e00 e70c 0000 0000 0000
4800 0000 0000 0000 2702 0000 1200 0000
0000 0000 0000 0000 0000 0000 0000 0000
4602 0000 1200 0e00 a30b 0000 0000 0000
7800 0000 0000 0000 5402 0000 1000 1700
0020 2000 0000 0000 0000 0000 0000 0000
6102 0000 1200 0000 0000 0000 0000 0000
0000 0000 0000 0000 7502 0000 1200 0000
0000 0000 0000 0000 0000 0000 0000 0000
8a02 0000 2000 0000 0000 0000 0000 0000
0000 0000 0000 0000 9902 0000 1102 1700
0820 2000 0000 0000 0000 0000 0000 0000
a602 0000 1100 1000 e014 0000 0000 0000
0400 0000 0000 0000 b502 0000 1200 0e00
2213 0000 0000 0000 9e00 0000 0000 0000
c202 0000 1200 0e00 6014 0000 0000 0000
6500 0000 0000 0000 d202 0000 1200 0000
0000 0000 0000 0000 0000 0000 0000 0000
a801 0000 1000 1800 1820 2000 0000 0000
0000 0000 0000 0000 5a02 0000 1200 0e00
3008 0000 0000 0000 2b00 0000 0000 0000
e602 0000 1200 0e00 c013 0000 0000 0000
5d00 0000 0000 0000 a201 0000 1200 0e00
c30c 0000 0000 0000 2400 0000 0000 0000
f302 0000 1200 0000 0000 0000 0000 0000
0000 0000 0000 0000 0803 0000 1000 1800
1020 2000 0000 0000 0000 0000 0000 0000
1403 0000 1200 0e00 3a09 0000 0000 0000
0a01 0000 0000 0000 1903 0000 1200 0000
0000 0000 0000 0000 0000 0000 0000 0000
2c03 0000 1200 0e00 9d0a 0000 0000 0000
7300 0000 0000 0000 3603 0000 1200 0e00
7e0b 0000 0000 0000 2500 0000 0000 0000
3503 0000 1200 0e00 100b 0000 0000 0000
6e00 0000 0000 0000 4303 0000 1102 1700
1020 2000 0000 0000 0000 0000 0000 0000
4f03 0000 2000 0000 0000 0000 0000 0000
0000 0000 0000 0000 6903 0000 1200 0e00
aa0d 0000 0000 0000 ce00 0000 0000 0000
7503 0000 2200 0000 0000 0000 0000 0000
0000 0000 0000 0000 4a01 0000 1200 0b00
4807 0000 0000 0000 0000 0000 0000 0000
0063 7274 7374 7566 662e 6300 6465 7265
6769 7374 6572 5f74 6d5f 636c 6f6e 6573
005f 5f64 6f5f 676c 6f62 616c 5f64 746f
7273 5f61 7578 0063 6f6d 706c 6574 6564
2e37 3639 3700 5f5f 646f 5f67 6c6f 6261
6c5f 6474 6f72 735f 6175 785f 6669 6e69
5f61 7272 6179 5f65 6e74 7279 0066 7261
6d65 5f64 756d 6d79 005f 5f66 7261 6d65
5f64 756d 6d79 5f69 6e69 745f 6172 7261
795f 656e 7472 7900 6d61 696e 2e63 0075
6e74 6974 6c65 2e63 005f 5f46 5241 4d45
5f45 4e44 5f5f 005f 5f69 6e69 745f 6172
7261 795f 656e 6400 5f44 594e 414d 4943
005f 5f69 6e69 745f 6172 7261 795f 7374
6172 7400 5f5f 474e 555f 4548 5f46 5241
4d45 5f48 4452 005f 474c 4f42 414c 5f4f
4646 5345 545f 5441 424c 455f 005f 5f6c
6962 635f 6373 755f 6669 6e69 0066 7265
6540 4047 4c49 4243 5f32 2e32 2e35 0070
7574 6368 6172 4040 474c 4942 435f 322e
322e 3500 7262 7472 6565 5f69 6e69 7400
5f49 544d 5f64 6572 6567 6973 7465 7254
4d43 6c6f 6e65 5461 626c 6500 7262 7472
6565 5f69 6e73 6572 7400 7075 7473 4040
474c 4942 435f 322e 322e 3500 5f72 6274
7265 655f 6265 6769 6e00 5f65 6461 7461
005f 7262 7472 6565 5f65 6e64 0072 6967
6874 5f72 6f74 6174 6500 7374 726c 656e
4040 474c 4942 435f 322e 322e 3500 7262
7472 6565 5f70 7265 7600 5f5f 7374 6163
6b5f 6368 6b5f 6661 696c 4040 474c 4942
435f 322e 3400 7072 696e 7466 4040 474c
4942 435f 322e 322e 3500 5f72 625f 696e
7365 7274 5f66 6978 7570 0072 6274 7265
655f 6e65 7874 005f 5f6c 6962 635f 7374
6172 745f 6d61 696e 4040 474c 4942 435f
322e 322e 3500 7262 7472 6565 5f73 6561
7263 6800 5f5f 6461 7461 5f73 7461 7274
0073 7472 636d 7040 4047 4c49 4243 5f32
2e32 2e35 0067 6574 6368 6172 4040 474c
4942 435f 322e 322e 3500 5f5f 676d 6f6e
5f73 7461 7274 5f5f 005f 5f64 736f 5f68
616e 646c 6500 5f49 4f5f 7374 6469 6e5f
7573 6564 0072 6274 7265 655f 6572 6173
6500 5f5f 6c69 6263 5f63 7375 5f69 6e69
7400 6d61 6c6c 6f63 4040 474c 4942 435f
322e 322e 3500 5f72 6274 7265 655f 6672
6565 0072 6561 6c6c 6f63 4040 474c 4942
435f 322e 322e 3500 5f5f 6273 735f 7374
6172 7400 6d61 696e 0073 6361 6e66 4040
474c 4942 435f 322e 322e 3500 7365 745f
776f 7264 005f 7262 7472 6565 5f70 7269
6e74 005f 5f54 4d43 5f45 4e44 5f5f 005f
4954 4d5f 7265 6769 7374 6572 544d 436c
6f6e 6554 6162 6c65 006c 6566 745f 726f
7461 7465 005f 5f63 7861 5f66 696e 616c
697a 6540 4047 4c49 4243 5f32 2e32 2e35
0000 2e73 796d 7461 6200 2e73 7472 7461
6200 2e73 6873 7472 7461 6200 2e69 6e74
6572 7000 2e6e 6f74 652e 4142 492d 7461
6700 2e6e 6f74 652e 676e 752e 6275 696c
642d 6964 002e 676e 752e 6861 7368 002e
6479 6e73 796d 002e 6479 6e73 7472 002e
676e 752e 7665 7273 696f 6e00 2e67 6e75
2e76 6572 7369 6f6e 5f72 002e 7265 6c61
2e64 796e 002e 7265 6c61 2e70 6c74 002e
696e 6974 002e 706c 742e 676f 7400 2e74
6578 7400 2e66 696e 6900 2e72 6f64 6174
6100 2e65 685f 6672 616d 655f 6864 7200
2e65 685f 6672 616d 6500 2e69 6e69 745f
6172 7261 7900 2e66 696e 695f 6172 7261
7900 2e64 796e 616d 6963 002e 6461 7461
002e 6273 7300 2e63 6f6d 6d65 6e74 0000
0000 0000 0000 0000 0000 0000 0000 0000
0000 0000 0000 0000 0000 0000 0000 0000
0000 0000 0000 0000 0000 0000 0000 0000
0000 0000 0000 0000 0000 0000 0000 0000
1b00 0000 0100 0000 0200 0000 0000 0000
3802 0000 0000 0000 3802 0000 0000 0000
1c00 0000 0000 0000 0000 0000 0000 0000
0100 0000 0000 0000 0000 0000 0000 0000
2300 0000 0700 0000 0200 0000 0000 0000
5402 0000 0000 0000 5402 0000 0000 0000
2000 0000 0000 0000 0000 0000 0000 0000
0400 0000 0000 0000 0000 0000 0000 0000
3100 0000 0700 0000 0200 0000 0000 0000
7402 0000 0000 0000 7402 0000 0000 0000
2400 0000 0000 0000 0000 0000 0000 0000
0400 0000 0000 0000 0000 0000 0000 0000
4400 0000 f6ff ff6f 0200 0000 0000 0000
9802 0000 0000 0000 9802 0000 0000 0000
1c00 0000 0000 0000 0500 0000 0000 0000
0800 0000 0000 0000 0000 0000 0000 0000
4e00 0000 0b00 0000 0200 0000 0000 0000
b802 0000 0000 0000 b802 0000 0000 0000
9801 0000 0000 0000 0600 0000 0100 0000
0800 0000 0000 0000 1800 0000 0000 0000
5600 0000 0300 0000 0200 0000 0000 0000
5004 0000 0000 0000 5004 0000 0000 0000
dc00 0000 0000 0000 0000 0000 0000 0000
0100 0000 0000 0000 0000 0000 0000 0000
5e00 0000 ffff ff6f 0200 0000 0000 0000
2c05 0000 0000 0000 2c05 0000 0000 0000
2200 0000 0000 0000 0500 0000 0000 0000
0200 0000 0000 0000 0200 0000 0000 0000
6b00 0000 feff ff6f 0200 0000 0000 0000
5005 0000 0000 0000 5005 0000 0000 0000
3000 0000 0000 0000 0600 0000 0100 0000
0800 0000 0000 0000 0000 0000 0000 0000
7a00 0000 0400 0000 0200 0000 0000 0000
8005 0000 0000 0000 8005 0000 0000 0000
c000 0000 0000 0000 0500 0000 0000 0000
0800 0000 0000 0000 1800 0000 0000 0000
8400 0000 0400 0000 4200 0000 0000 0000
4006 0000 0000 0000 4006 0000 0000 0000
0801 0000 0000 0000 0500 0000 1600 0000
0800 0000 0000 0000 1800 0000 0000 0000
8e00 0000 0100 0000 0600 0000 0000 0000
4807 0000 0000 0000 4807 0000 0000 0000
1700 0000 0000 0000 0000 0000 0000 0000
0400 0000 0000 0000 0000 0000 0000 0000
8900 0000 0100 0000 0600 0000 0000 0000
6007 0000 0000 0000 6007 0000 0000 0000
c000 0000 0000 0000 0000 0000 0000 0000
1000 0000 0000 0000 1000 0000 0000 0000
9400 0000 0100 0000 0600 0000 0000 0000
2008 0000 0000 0000 2008 0000 0000 0000
0800 0000 0000 0000 0000 0000 0000 0000
0800 0000 0000 0000 0800 0000 0000 0000
9d00 0000 0100 0000 0600 0000 0000 0000
3008 0000 0000 0000 3008 0000 0000 0000
a20c 0000 0000 0000 0000 0000 0000 0000
1000 0000 0000 0000 0000 0000 0000 0000
a300 0000 0100 0000 0600 0000 0000 0000
d414 0000 0000 0000 d414 0000 0000 0000
0900 0000 0000 0000 0000 0000 0000 0000
0400 0000 0000 0000 0000 0000 0000 0000
a900 0000 0100 0000 0200 0000 0000 0000
e014 0000 0000 0000 e014 0000 0000 0000
1f01 0000 0000 0000 0000 0000 0000 0000
0800 0000 0000 0000 0000 0000 0000 0000
b100 0000 0100 0000 0200 0000 0000 0000
0016 0000 0000 0000 0016 0000 0000 0000
cc00 0000 0000 0000 0000 0000 0000 0000
0400 0000 0000 0000 0000 0000 0000 0000
bf00 0000 0100 0000 0200 0000 0000 0000
d016 0000 0000 0000 d016 0000 0000 0000
4803 0000 0000 0000 0000 0000 0000 0000
0800 0000 0000 0000 0000 0000 0000 0000
c900 0000 0e00 0000 0300 0000 0000 0000
681d 2000 0000 0000 681d 0000 0000 0000
0800 0000 0000 0000 0000 0000 0000 0000
0800 0000 0000 0000 0800 0000 0000 0000
d500 0000 0f00 0000 0300 0000 0000 0000
701d 2000 0000 0000 701d 0000 0000 0000
0800 0000 0000 0000 0000 0000 0000 0000
0800 0000 0000 0000 0800 0000 0000 0000
e100 0000 0600 0000 0300 0000 0000 0000
781d 2000 0000 0000 781d 0000 0000 0000
f001 0000 0000 0000 0600 0000 0000 0000
0800 0000 0000 0000 1000 0000 0000 0000
9800 0000 0100 0000 0300 0000 0000 0000
681f 2000 0000 0000 681f 0000 0000 0000
9800 0000 0000 0000 0000 0000 0000 0000
0800 0000 0000 0000 0800 0000 0000 0000
ea00 0000 0100 0000 0300 0000 0000 0000
0020 2000 0000 0000 0020 0000 0000 0000
1000 0000 0000 0000 0000 0000 0000 0000
0800 0000 0000 0000 0000 0000 0000 0000
f000 0000 0800 0000 0300 0000 0000 0000
1020 2000 0000 0000 1020 0000 0000 0000
0800 0000 0000 0000 0000 0000 0000 0000
0100 0000 0000 0000 0000 0000 0000 0000
f500 0000 0100 0000 3000 0000 0000 0000
0000 0000 0000 0000 1020 0000 0000 0000
2900 0000 0000 0000 0000 0000 0000 0000
0100 0000 0000 0000 0100 0000 0000 0000
0100 0000 0200 0000 0000 0000 0000 0000
0000 0000 0000 0000 4020 0000 0000 0000
a008 0000 0000 0000 1b00 0000 2c00 0000
0800 0000 0000 0000 1800 0000 0000 0000
0900 0000 0300 0000 0000 0000 0000 0000
0000 0000 0000 0000 e028 0000 0000 0000
9103 0000 0000 0000 0000 0000 0000 0000
0100 0000 0000 0000 0000 0000 0000 0000
1100 0000 0300 0000 0000 0000 0000 0000
0000 0000 0000 0000 712c 0000 0000 0000
fe00 0000 0000 0000 0000 0000 0000 0000
0100 0000 0000 0000 0000 0000 0000 0000
